136101002
136101004
136101007
136101008
136101009
136101010
136101011
136101012
136101013
136101015
136101017
136101018
136101019
144101001
144101002
144101003
144101004
144101005
144101006
144101007
144101008
144101009
144101010
144101011
144101013
144101014
144101023
144101024
144101026
144101027
144101028
144101029
144101030
144101032
144101033
144101034
144101036
144101037
144101039
144101040
144101041
144101042
144101043
144101044
144101045
144101046
144101047
144101048
144101050
144101051
144101053
144101057
144101058
144101059
144101060
144101061
144101063
144101065
144101068
144101069
144101072
144101074
144101075
144101076
144101077
144101078
146101003
146101004
146101005
146101006
146101011
146101012
146101013
146101014
146101016
146101017
146101018
146123003
ideone.com_27pvaQ
